0 0.13808139534883723 0.43669250645994834 0.09593023255813955 0.124031007751938
0 0.34011627906976744 0.33333333333333337 0.058139534883720895 0.0671834625322997
0 0.36627906976744184 0.39534883720930236 0.05813953488372093 0.08268733850129202
0 0.33502906976744184 0.23514211886304914 0.03924418604651162 0.04134366925064601
0 0.38299418604651164 0.22868217054263568 0.02470930232558139 0.03359173126614987
0 0.5530523255813954 0.28294573643410853 0.03343023255813954 0.054263565891472826
0 0.5843023255813954 0.2558139534883721 0.029069767441860465 0.041343669250645976
0 0.6090116279069767 0.28940568475452194 0.031976744186046485 0.05684754521963825
0 0.6351744186046513 0.2713178294573644 0.02616279069767451 0.041343669250645976
0 0.6409883720930233 0.24289405684754523 0.031976744186046485 0.02583979328165377
