0 0.20188356164383559 0.5205479452054794 0.07397260273972606 0.09315068493150683
0 0.37638142235723343 0.47293618143577765 0.045235239600200004 0.06186015671822218
0 0.42205161618435844 0.41184927667653326 0.023487528253949962 0.03556959011297785
0 0.41366755777897724 0.38034034739308864 0.020845741669824135 0.02606354025628811
0 0.4380639477552002 0.3447066009489447 0.012370000551324338 0.01588246984367558
0 0.4790682088419973 0.3355436375775934 0.009621111539918771 0.014660741394162074
0 0.6147559163707942 0.43633631709935067 0.03132129954412157 0.04385597890936992
0 0.5486485717577587 0.38484249916643876 0.018848215654869733 0.02069607993475877
0 0.5410261316032158 0.36340727351972435 0.014690521025119025 0.022174371358670158
0 0.5546079340604014 0.35330561545633016 0.013581802457185575 0.02069607993475877
0 0.13219597960023705 0.29747109069486677 0.027440784556354316 0.02547588887207219
0 0.22457995427329672 0.2958449701285643 0.03170935104289839 0.029812210382212108
