1 0.2718023255813954 0.31266149870801035 0.04651162790697676 0.062015503875969
1 0.3793604651162791 0.26614987080103364 0.03197674418604656 0.051679586563307504
1 0.40770348837209297 0.29844961240310075 0.03633720930232549 0.054263565891472895
1 0.5799418604651163 0.34496124031007747 0.0552325581395349 0.07493540051679584
1 0.6620639534883722 0.3565891472868217 0.05668604651162795 0.07751937984496124
1 0.6075581395348837 0.2842377260981912 0.040697674418604564 0.051679586563307504
1 0.6751453488372092 0.31136950904392763 0.05087209302325576 0.059431524547803566
1 0.6744186046511628 0.2751937984496124 0.03197674418604663 0.0439276485788114
1 0.3582848837209302 0.21059431524547803 0.027616279069767487 0.04392764857881137
1 0.626453488372093 0.23255813953488375 0.02616279069767451 0.036175710594315263
