1 0.31031976744186046 0.4108527131782946 0.03924418604651155 0.05167958656330754
1 0.3888081395348837 0.42118863049095606 0.03633720930232556 0.05167958656330747
1 0.4280523255813954 0.37467700258397924 0.02470930232558139 0.031007751937984482
1 0.015988372093023256 0.27390180878552967 0.03197674418604651 0.05684754521963822
1 0.5806686046511628 0.46511627906976744 0.04215116279069761 0.07751937984496124
1 0.6140988372093024 0.43540051679586567 0.04215116279069768 0.049095607235142114
1 0.686046511627907 0.41731266149870805 0.03779069767441868 0.06459948320413439
1 0.7478197674418605 0.4715762273901809 0.059593023255814045 0.054263565891472895
1 0.8938953488372092 0.582687338501292 0.10755813953488357 0.11627906976744186
1 0.9280523255813954 0.8888888888888888 0.14389534883720928 0.22222222222222215
1 0.5370639534883721 0.3682170542635659 0.021802325581395294 0.03359173126614991
1 0.563953488372093 0.3682170542635659 0.017441860465116293 0.03359173126614991
