1 0.07340116279069767 0.5064599483204134 0.12645348837209303 0.16537467700258404
1 0.3023255813953488 0.25193798449612403 0.04651162790697676 0.05943152454780364
1 0.35174418604651164 0.21834625322997417 0.029069767441860465 0.049095607235142114
1 0.5944767441860465 0.29198966408268734 0.052325581395348805 0.07235142118863046
1 0.6475290697674418 0.2958656330749354 0.04215116279069768 0.06976744186046517
1 0.8037790697674418 0.37726098191214474 0.08430232558139522 0.11886304909560728
1 0.7005813953488371 0.2751937984496124 0.052325581395348736 0.054263565891472826
1 0.6787790697674418 0.2248062015503876 0.03197674418604663 0.05167958656330754
1 0.590843023255814 0.21188630490956073 0.027616279069767345 0.03617571059431523
1 0.5508720930232558 0.20155038759689922 0.020348837209302317 0.041343669250645976
1 0.39316860465116277 0.21188630490956073 0.021802325581395367 0.03617571059431523
