1 0.6468023255813953 0.5025839793281653 0.08430232558139536 0.13695090439276492
1 0.7863372093023255 0.520671834625323 0.09593023255813961 0.13178294573643412
1 0.3299418604651163 0.268733850129199 0.03197674418604653 0.05684754521963825
1 0.7652616279069767 0.39405684754521964 0.07412790697674425 0.06976744186046517
1 0.6504360465116278 0.33850129198966417 0.05087209302325576 0.06718346253229975
1 0.7332848837209301 0.3204134366925065 0.05377906976744185 0.05167958656330747
1 0.6598837209302326 0.2571059431524548 0.04651162790697669 0.03359173126614987
1 0.6082848837209303 0.24677002583979327 0.03633720930232556 0.028423772609819126
1 0.43241279069767447 0.26098191214470284 0.03343023255813961 0.04134366925064601
1 0.40625 0.23901808785529716 0.027616279069767557 0.03359173126614991
1 0.375 0.20155038759689922 0.023255813953488483 0.02583979328165377
